//=========================================================
// ____                    __           ____    _____      
///\  _`\   __            /\ \         /\  _`\ /\  __`\    
//\ \,\L\_\/\_\    ___    \_\ \  __  __\ \ \L\ \ \ \/\ \   
// \/_\__ \\/\ \ /' _ `\  /'_` \/\ \/\ \\ \ ,  /\ \ \ \ \  
//   /\ \L\ \ \ \/\ \/\ \/\ \L\ \ \ \_\ \\ \ \\ \\ \ \_\ \ 
//   \ `\____\ \_\ \_\ \_\ \___,_\ \____/ \ \_\ \_\ \_____\
//    \/_____/\/_/\/_/\/_/\/__,_ /\/___/   \/_/\/ /\/_____/
//=========================================================
// SrLuis ~ Minato
//=========================================================
//Homunculus LvUp experience value table
347
545
891
1485
2178
3168
3762
4158
4505
4900
5390
5880
5978
6223
6566
7203
7840
8232
8624
8924
9409
9991
10670
11446
12610
13580
14550
15520
16490
17460
18430
19400
20370
21340
22504
23280
25220
26675
28130
28800
30240
31680
32640
34560
36000
36480
38400
40320
42720
45120
47040
48960
50880
52800
54720
56640
59040
60480
62400
64320
66240
67200
70080
73920
76800
80640
84480
87360
91200
104500
121600
133000
147250
154850
161500
171000
178600
185250
190000
218500
247000
285000
332500
380000
456000
522500
570000
646000
712500
855000
950000
1140000
1425000
1710000
1995000
2280000
2660000
3135000
3800000
4124000
4260000
4462000
4527000
4779000
4921000
4984000
5118000
5353000
5438000
5507000
5610000
5776000
5867000
6000000
6116000
6241000
6373000
6498000
6639000
6720000
6907000
7025000
7105000
7264000
7454000
7611000
7688000
7735000
7940000
8020000
8198000
8318000
8376000
8469000
8528000
8573000
8650000
8701000
8769000
8814000
8820000
8826000
8838000
8887000
8905000
8916000
8922000
8966000
9094000
9194000 
9294000 
9394000 
9494000 
9594000 
9694000 
9794000 
9894000 
9994000 
10094000
10194000
10294000
10394000
10494000
10594000
10694000
10794000
10894000
10994000
11094000
11194000
11294000
11394000
11494000
11594000
11694000
11794000
11894000
11994000
12094000
12194000
12294000
12394000
12494000
12594000
12694000
12794000
12894000
12994000
13094000
13194000
13294000
13394000
13494000
13594000
13694000
13794000
13894000
13994000
14094000
14194000
14294000
14394000
14494000
14594000
14694000
14794000
14894000
14994000
15094000
15194000
15294000
15394000
15494000
15594000
15694000
15794000
15894000
15994000
16094000
16194000
16294000
16394000
16494000
16594000
16694000
16794000
16894000
16994000
17094000
17194000
17294000
17394000
17494000
17594000
17694000
17794000
17894000
17994000
18094000
18194000
18294000
18394000
18494000
18594000
18694000
18794000
18894000
18994000
19094000
19194000
19294000
19394000
19494000
19594000
19694000
19794000
19894000
19994000
20094000
20194000
20294000
20394000
20494000
20594000
20694000
20794000
20894000
20994000
21094000
21194000
21294000
21394000
21494000
21594000
21694000
21794000
21894000
21994000
22094000
22194000
22294000
22394000
22494000
22594000
22694000
22794000
22894000
22994000
23094000
23194000
23294000
23394000
23494000
23594000
23694000
23794000
23894000
23994000
24094000
24194000
24294000
24394000
24494000
24594000
24694000
24794000
24894000
24994000
25094000
25194000
25294000
25394000
25494000
25594000
25694000
25794000
25894000
25994000
26094000
26194000
26294000
26394000
26494000
26594000
26694000
26794000
26894000
26994000
27094000
27194000
27294000
27394000
27494000
27594000
27694000
27794000
27894000
27994000
28094000
28194000
28294000
28394000
28494000
28594000
28694000
28794000
28894000
28994000
29094000
29194000
29294000
29394000
29494000
29594000
29694000
29794000
29894000
29994000
30094000
30194000
30294000
30394000
30494000
30594000
30694000
30794000
30894000
30994000
31094000
31194000
31294000
31394000
31494000
31594000
31694000
31794000
31894000
31994000
32094000
32194000
32294000
32394000
32494000
32594000
32694000
32794000
32894000
32994000
33094000
33194000
33294000
33394000
33494000
33594000
33694000
33794000
33894000
33994000
34094000
34194000
34294000
34394000
34494000
34594000
34694000
34794000
34894000
34994000
35094000
35194000
35294000
35394000
35494000
35594000
35694000
35794000
35894000
35994000
36094000
36194000
36294000
36394000
36494000
36594000
36694000
36794000
36894000
36994000
37094000
37194000
37294000
37394000
37494000
37594000
37694000
37794000
37894000
37994000
38094000
38194000
38294000
38394000
38494000
38594000
38694000
38794000
38894000
38994000
39094000
39194000
39294000
39394000
39494000
39594000
39694000
39794000
39894000
39994000
40094000
40194000
40294000
40394000
40494000
40594000
40694000
40794000
40894000
40994000
41094000
41194000
41294000
41394000
41494000
41594000
41694000
41794000
41894000
41994000
42094000
42194000
42294000
42394000
42494000
42594000
42694000
42794000
42894000
42994000
43094000
43194000
43294000
43394000
43494000
43594000
43694000
43794000
43894000
43994000
44094000
44194000
44294000
44394000
44494000
44594000
44694000
44794000
44894000
44994000
45094000
45194000
45294000
45394000
45494000
45594000
45694000
45794000
45894000
45994000
46094000
46194000
46294000
46394000
46494000
46594000
46694000
46794000
46894000
46994000
47094000
47194000
47294000
47394000
47494000
47594000
47694000
47794000
47894000
47994000
48094000
48194000
48294000
48394000
48494000
48594000
48694000
48794000
48894000
48994000
49094000
49194000
49294000
49394000
49494000
49594000
49694000
49794000
49894000
49994000
50094000
50194000
50294000
50394000
50494000
50594000
50694000
50794000
50894000
50994000
51094000
51194000
51294000
51394000
51494000
51594000
51694000
51794000
51894000
51994000
52094000
52194000
52294000
52394000
52494000
52594000
52694000
52794000
52894000
52994000
53094000
53194000
53294000
53394000
53494000
53594000
53694000
53794000
53894000
53994000
54094000
54194000
54294000
54394000
54494000
54594000
54694000
54794000
54894000
54994000
55094000
55194000
55294000
55394000
55494000
55594000
55694000
55794000
55894000
55994000
56094000
56194000
56294000
56394000
56494000
56594000
56694000
56794000
56894000
56994000
57094000
57194000
57294000
57394000
57494000
57594000
57694000
57794000
57894000
57994000
58094000
58194000
58294000
58394000
58494000
58594000
58694000
58794000
58894000
58994000
59094000
59194000
59294000
59394000
59494000
59594000
59694000
59794000
59894000
59994000
60094000
60194000
60294000
60394000
60494000
60594000
60694000
60794000
60894000
60994000
61094000
61194000
61294000
61394000
61494000
61594000
61694000
61794000
61894000
61994000
62094000
62194000
62294000
62394000
62494000
62594000
62694000
62794000
62894000
62994000
63094000
63194000
63294000
63394000
63494000
63594000
63694000
63794000
63894000
63994000
64094000
64194000
64294000
64394000
64494000
64594000
64694000
64794000
64894000
64994000
65094000
65194000
65294000
65394000
65494000
65594000
65694000
65794000
65894000
65994000
66094000
66194000
66294000
66394000
66494000
66594000
66694000
66794000
66894000
66994000
67094000
67194000
67294000
67394000
67494000
67594000
67694000
67794000
67894000
67994000
68094000
68194000
68294000
68394000
68494000
68594000
68694000
68794000
68894000
68994000
69094000
69194000
69294000
69394000
69494000
69594000
69694000
69794000
69894000
69994000
70094000
70194000
70294000
70394000
70494000
70594000
70694000
70794000
70894000
70994000
71094000
71194000
71294000
71394000
71494000
71594000
71694000
71794000
71894000
71994000
72094000
72194000
72294000
72394000
72494000
72594000
72694000
72794000
72894000
72994000
73094000
73194000
73294000
73394000
73494000
73594000
73694000
73794000
73894000
73994000
74094000
74194000
74294000
74394000
74494000
74594000
74694000
74794000
74894000
74994000
75094000
75194000
75294000
75394000
75494000
75594000
75694000
75794000
75894000
75994000
76094000
76194000
76294000
76394000
76494000
76594000
76694000
76794000
76894000
76994000
77094000
77194000
77294000
77394000
77494000
77594000
77694000
77794000
77894000
77994000
78094000
78194000
78294000
78394000
78494000
78594000
78694000
78794000
78894000
78994000
79094000
79194000
79294000
79394000
79494000
79594000
79694000
79794000
79894000
79994000
80094000
80194000
80294000
80394000
80494000
80594000
80694000
80794000
80894000
80994000
81094000
81194000
81294000
81394000
81494000
81594000
81694000
81794000
81894000
81994000
82094000
82194000
82294000
82394000
82494000
82594000
82694000
82794000
82894000
82994000
83094000
83194000
83294000
83394000
83494000
83594000
83694000
83794000
83894000
83994000
84094000
84194000
84294000
84394000
84494000
84594000
84694000
84794000
84894000
84994000
85094000
85194000
85294000
85394000
85494000
85594000
85694000
85794000
85894000
85994000
86094000
86194000
86294000
86394000
86494000
86594000
86694000
86794000
86894000
86994000
87094000
87194000
87294000
87394000
87494000
87594000
87694000
87794000
87894000
87994000
88094000
88194000
88294000
88394000
88494000
88594000
88694000
88794000
88894000
88994000
89094000
89194000
89294000
89394000
89494000
89594000
89694000
89794000
89894000
89994000
90094000
90194000
90294000
90394000
90494000
90594000
90694000
90794000
90894000
90994000
91094000
91194000
91294000
91394000
91494000
91594000
91694000
91794000
91894000
91994000
92094000
92194000
92294000
92394000
92494000
92594000
92694000
92794000
92894000
92994000
93094000
93194000
93294000
93394000
93494000
93594000
93694000
93794000
93894000
93994000
0    

