//=========================================================
// ____                    __           ____    _____      
///\  _`\   __            /\ \         /\  _`\ /\  __`\    
//\ \,\L\_\/\_\    ___    \_\ \  __  __\ \ \L\ \ \ \/\ \   
// \/_\__ \\/\ \ /' _ `\  /'_` \/\ \/\ \\ \ ,  /\ \ \ \ \  
//   /\ \L\ \ \ \/\ \/\ \/\ \L\ \ \ \_\ \\ \ \\ \\ \ \_\ \ 
//   \ `\____\ \_\ \_\ \_\ \___,_\ \____/ \ \_\ \_\ \_____\
//    \/_____/\/_/\/_/\/_/\/__,_ /\/___/   \/_/\/ /\/_____/
//=========================================================
// SrLuis ~ Minato
//=========================================================
//Experience tables format:
//Max Level,Class list,Type (0 - Base Exp; 1 - Job Exp),Exp for Lv 1,2,3,4,5,6,7,8,9,10,11,12,13,14,15,16,17,18,19,20,21,22,23,24,25,26,27,28,29,30,31,32,33,34,35,36,37,38,39,40,41,42,43,44,45,46,47,48,49,50,51,52,53,54,55,56,57,58,59,60,61,62,63,64,65,66,67,68,69,70,71,72,73,74,75,76,77,78,79,80,81,82,83,84,85,86,87,88,89,90,91,92,93,94,95,96,97,98
// Supports baselevel up to 1000 and joblevel up to 255 (except Novice/High Novice)

//================================
// Renewal Experience Database
//================================

//Base - Normal and Baby Jobs
999,0:1:2:3:4:5:6:7:8:9:10:11:12:13:14:15:16:17:18:19:20:21:23:24:25:4023:4024:4025:4026:4027:4028:4029:4030:4031:4032:4033:4034:4035:4036:4037:4038:4039:4040:4041:4042:4043:4044:4045:4046:4047:4048:4049:4050:4051:4052,0,460,5461,10460,15460,20460,25460,30460,35460,40460,45460,50460,55460,60460,65460,70460,75460,80460,85460,90460,95460,100460,105460,110460,115460,120460,125460,130460,135460,140460,145460,150460,155460,160460,165460,170460,175460,180460,185460,190460,195460,200460,205460,210460,215460,220460,225460,230460,235460,240460,245460,250460,255460,260460,265460,270460,275460,280460,285460,290460,295460,300460,305460,310460,315460,320460,325460,330460,335460,340460,345460,350460,355460,360460,365460,370460,375460,380460,385460,390460,395460,400460,405460,410460,415460,420460,425460,430460,435460,440460,445460,450460,455460,460460,465460,470460,475460,480460,485460,490460,495460,500460,505460,510460,515460,520460,525460,530460,535460,540460,545460,550460,555460,560460,565460,570460,575460,580460,585460,590460,595460,600460,605460,610460,615460,620460,625460,630460,635460,640460,645460,650460,655460,660460,665460,670460,675460,680460,685460,690460,695460,700460,705460,710460,715460,720460,725460,730460,735460,740460,745460,750460,755460,760460,765460,770460,775460,780460,785460,790460,795460,800460,805460,810460,815460,820460,825460,830460,835460,840460,845460,850460,855460,860460,865460,870460,875460,880460,885460,890460,895460,900460,905460,910460,915460,920460,925460,930460,935460,940460,945460,950460,955460,960460,965460,970460,975460,980460,985460,990460,995460,1000460,1005460,1010460,1015460,1020460,1025460,1030460,1035460,1040460,1045460,1050460,1055460,1060460,1065460,1070460,1075460,1080460,1085460,1090460,1095460,1100460,1105460,1110460,1115460,1120460,1125460,1130460,1135460,1140460,1145460,1150460,1155460,1160460,1165460,1170460,1175460,1180460,1185460,1190460,1195460,1200460,1205460,1210460,1215460,1220460,1225460,1230460,1235460,1240460,1245460,1250460,1255460,1260460,1265460,1270460,1275460,1280460,1285460,1290460,1295460,1300460,1305460,1310460,1315460,1320460,1325460,1330460,1335460,1340460,1345460,1350460,1355460,1360460,1365460,1370460,1375460,1380460,1385460,1390460,1395460,1400460,1405460,1410460,1415460,1420460,1425460,1430460,1435460,1440460,1445460,1450460,1455460,1460460,1465460,1470460,1475460,1480460,1485460,1490460,1495460,1500460,1505460,1510460,1515460,1520460,1525460,1530460,1535460,1540460,1545460,1550460,1555460,1560460,1565460,1570460,1575460,1580460,1585460,1590460,1595460,1600460,1605460,1610460,1615460,1620460,1625460,1630460,1635460,1640460,1645460,1650460,1655460,1660460,1665460,1670460,1675460,1680460,1685460,1690460,1695460,1700460,1705460,1710460,1715460,1720460,1725460,1730460,1735460,1740460,1745460,1750460,1755460,1760460,1765460,1770460,1775460,1780460,1785460,1790460,1795460,1800460,1805460,1810460,1815460,1820460,1825460,1830460,1835460,1840460,1845460,1850460,1855460,1860460,1865460,1870460,1875460,1880460,1885460,1890460,1895460,1900460,1905460,1910460,1915460,1920460,1925460,1930460,1935460,1940460,1945460,1950460,1955460,1960460,1965460,1970460,1975460,1980460,1985460,1990460,1995460,2000460,2005460,2010460,2015460,2020460,2025460,2030460,2035460,2040460,2045460,2050460,2055460,2060460,2065460,2070460,2075460,2080460,2085460,2090460,2095460,2100460,2105460,2110460,2115460,2120460,2125460,2130460,2135460,2140460,2145460,2150460,2155460,2160460,2165460,2170460,2175460,2180460,2185460,2190460,2195460,2200460,2205460,2210460,2215460,2220460,2225460,2230460,2235460,2240460,2245460,2250460,2255460,2260460,2265460,2270460,2275460,2280460,2285460,2290460,2295460,2300460,2305460,2310460,2315460,2320460,2325460,2330460,2335460,2340460,2345460,2350460,2355460,2360460,2365460,2370460,2375460,2380460,2385460,2390460,2395460,2400460,2405460,2410460,2415460,2420460,2425460,2430460,2435460,2440460,2445460,2450460,2455460,2460460,2465460,2470460,2475460,2480460,2485460,2490460,2495460,2500460,2505460,2510460,2515460,2520460,2525460,2530460,2535460,2540460,2545460,2550460,2555460,2560460,2565460,2570460,2575460,2580460,2585460,2590460,2595460,2600460,2605460,2610460,2615460,2620460,2625460,2630460,2635460,2640460,2645460,2650460,2655460,2660460,2665460,2670460,2675460,2680460,2685460,2690460,2695460,2700460,2705460,2710460,2715460,2720460,2725460,2730460,2735460,2740460,2745460,2750460,2755460,2760460,2765460,2770460,2775460,2780460,2785460,2790460,2795460,2800460,2805460,2810460,2815460,2820460,2825460,2830460,2835460,2840460,2845460,2850460,2855460,2860460,2865460,2870460,2875460,2880460,2885460,2890460,2895460,2900460,2905460,2910460,2915460,2920460,2925460,2930460,2935460,2940460,2945460,2950460,2955460,2960460,2965460,2970460,2975460,2980460,2985460,2990460,2995460,3000460,3005460,3010460,3015460,3020460,3025460,3030460,3035460,3040460,3045460,3050460,3055460,3060460,3065460,3070460,3075460,3080460,3085460,3090460,3095460,3100460,3105460,3110460,3115460,3120460,3125460,3130460,3135460,3140460,3145460,3150460,3155460,3160460,3165460,3170460,3175460,3180460,3185460,3190460,3195460,3200460,3205460,3210460,3215460,3220460,3225460,3230460,3235460,3240460,3245460,3250460,3255460,3260460,3265460,3270460,3275460,3280460,3285460,3290460,3295460,3300460,3305460,3310460,3315460,3320460,3325460,3330460,3335460,3340460,3345460,3350460,3355460,3360460,3365460,3370460,3375460,3380460,3385460,3390460,3395460,3400460,3405460,3410460,3415460,3420460,3425460,3430460,3435460,3440460,3445460,3450460,3455460,3460460,3465460,3470460,3475460,3480460,3485460,3490460,3495460,3500460,3505460,3510460,3515460,3520460,3525460,3530460,3535460,3540460,3545460,3550460,3555460,3560460,3565460,3570460,3575460,3580460,3585460,3590460,3595460,3600460,3605460,3610460,3615460,3620460,3625460,3630460,3635460,3640460,3645460,3650460,3655460,3660460,3665460,3670460,3675460,3680460,3685460,3690460,3695460,3700460,3705460,3710460,3715460,3720460,3725460,3730460,3735460,3740460,3745460,3750460,3755460,3760460,3765460,3770460,3775460,3780460,3785460,3790460,3795460,3800460,3805460,3810460,3815460,3820460,3825460,3830460,3835460,3840460,3845460,3850460,3855460,3860460,3865460,3870460,3875460,3880460,3885460,3890460,3895460,3900460,3905460,3910460,3915460,3920460,3925460,3930460,3935460,3940460,3945460,3950460,3955460,3960460,3965460,3970460,3975460,3980460,3985460,3990460,3995460,4000460,4005460,4010460,4015460,4020460,4025460,4030460,4035460,4040460,4045460,4050460,4055460,4060460,4065460,4070460,4075460,4080460,4085460,4090460,4095460,4100460,4105460,4110460,4115460,4120460,4125460,4130460,4135460,4140460,4145460,4150460,4155460,4160460,4165460,4170460,4175460,4180460,4185460,4190460,4195460,4200460,4205460,4210460,4215460,4220460,4225460,4230460,4235460,4240460,4245460,4250460,4255460,4260460,4265460,4270460,4275460,4280460,4285460,4290460,4295460,4300460,4305460,4310460,4315460,4320460,4325460,4330460,4335460,4340460,4345460,4350460,4355460,4360460,4365460,4370460,4375460,4380460,4385460,4390460,4395460,4400460,4405460,4410460,4415460,4420460,4425460,4430460,4435460,4440460,4445460,4450460,4455460,4460460,4465460,4470460,4475460,4480460,4485460,4490460,4495460,4500460,4505460,4510460,4515460,4520460,4525460,4530460,4535460,4540460,4545460,4550460,4555460,4560460,4565460,4570460,4575460,4580460,4585460,4590460,4595460,4600460,4605460,4610460,4615460,4620460,4625460,4630460,4635460,4640460,4645460,4650460,4655460,4660460,4665460,4670460,4675460,4680460,4685460,4690460,4695460,4700460,4705460,4710460,4715460,4720460,4725460,4730460,4735460,4740460,4745460,4750460,4755460,4760460,4765460,4770460,4775460,4780460,4785460,4790460,4795460,4800460,4805460,4810460,4815460,4820460,4825460,4830460,4835460,4840460,4845460,4850460,4855460,4860460,4865460,4870460,4875460,4880460,4885460,4890460,4895460,4900460,4905460,4910460,4915460,4920460,4925460,4930460,4935460,4940460,4945460,4950460,4955460,4960460,4965460,4970460,4975460,4980460,4985460,4995460

//Base - Adv Jobs
999,4001:4002:4003:4004:4005:4006:4007:4008:4009:4010:4011:4012:4013:4014:4015:4016:4017:4018:4019:4020:4021:4022,0,460,5460,10460,15460,20460,25460,30460,35460,40460,45460,50460,55460,60460,65460,70460,75460,80460,85460,90460,95460,100460,105460,110460,115460,120460,125460,130460,135460,140460,145460,150460,155460,160460,165460,170460,175460,180460,185460,190460,195460,200460,205460,210460,215460,220460,225460,230460,235460,240460,245460,250460,255460,260460,265460,270460,275460,280460,285460,290460,295460,300460,305460,310460,315460,320460,325460,330460,335460,340460,345460,350460,355460,360460,365460,370460,375460,380460,385460,390460,395460,400460,405460,410460,415460,420460,425460,430460,435460,440460,445460,450460,455460,460460,465460,470460,475460,480460,485460,490460,495460,500460,505460,510460,515460,520460,525460,530460,535460,540460,545460,550460,555460,560460,565460,570460,575460,580460,585460,590460,595460,600460,605460,610460,615460,620460,625460,630460,635460,640460,645460,650460,655460,660460,665460,670460,675460,680460,685460,690460,695460,700460,705460,710460,715460,720460,725460,730460,735460,740460,745460,750460,755460,760460,765460,770460,775460,780460,785460,790460,795460,800460,805460,810460,815460,820460,825460,830460,835460,840460,845460,850460,855460,860460,865460,870460,875460,880460,885460,890460,895460,900460,905460,910460,915460,920460,925460,930460,935460,940460,945460,950460,955460,960460,965460,970460,975460,980460,985460,990460,995460,1000460,1005460,1010460,1015460,1020460,1025460,1030460,1035460,1040460,1045460,1050460,1055460,1060460,1065460,1070460,1075460,1080460,1085460,1090460,1095460,1100460,1105460,1110460,1115460,1120460,1125460,1130460,1135460,1140460,1145460,1150460,1155460,1160460,1165460,1170460,1175460,1180460,1185460,1190460,1195460,1200460,1205460,1210460,1215460,1220460,1225460,1230460,1235460,1240460,1245460,1250460,1255460,1260460,1265460,1270460,1275460,1280460,1285460,1290460,1295460,1300460,1305460,1310460,1315460,1320460,1325460,1330460,1335460,1340460,1345460,1350460,1355460,1360460,1365460,1370460,1375460,1380460,1385460,1390460,1395460,1400460,1405460,1410460,1415460,1420460,1425460,1430460,1435460,1440460,1445460,1450460,1455460,1460460,1465460,1470460,1475460,1480460,1485460,1490460,1495460,1500460,1505460,1510460,1515460,1520460,1525460,1530460,1535460,1540460,1545460,1550460,1555460,1560460,1565460,1570460,1575460,1580460,1585460,1590460,1595460,1600460,1605460,1610460,1615460,1620460,1625460,1630460,1635460,1640460,1645460,1650460,1655460,1660460,1665460,1670460,1675460,1680460,1685460,1690460,1695460,1700460,1705460,1710460,1715460,1720460,1725460,1730460,1735460,1740460,1745460,1750460,1755460,1760460,1765460,1770460,1775460,1780460,1785460,1790460,1795460,1800460,1805460,1810460,1815460,1820460,1825460,1830460,1835460,1840460,1845460,1850460,1855460,1860460,1865460,1870460,1875460,1880460,1885460,1890460,1895460,1900460,1905460,1910460,1915460,1920460,1925460,1930460,1935460,1940460,1945460,1950460,1955460,1960460,1965460,1970460,1975460,1980460,1985460,1990460,1995460,2000460,2005460,2010460,2015460,2020460,2025460,2030460,2035460,2040460,2045460,2050460,2055460,2060460,2065460,2070460,2075460,2080460,2085460,2090460,2095460,2100460,2105460,2110460,2115460,2120460,2125460,2130460,2135460,2140460,2145460,2150460,2155460,2160460,2165460,2170460,2175460,2180460,2185460,2190460,2195460,2200460,2205460,2210460,2215460,2220460,2225460,2230460,2235460,2240460,2245460,2250460,2255460,2260460,2265460,2270460,2275460,2280460,2285460,2290460,2295460,2300460,2305460,2310460,2315460,2320460,2325460,2330460,2335460,2340460,2345460,2350460,2355460,2360460,2365460,2370460,2375460,2380460,2385460,2390460,2395460,2400460,2405460,2410460,2415460,2420460,2425460,2430460,2435460,2440460,2445460,2450460,2455460,2460460,2465460,2470460,2475460,2480460,2485460,2490460,2495460,2500460,2505460,2510460,2515460,2520460,2525460,2530460,2535460,2540460,2545460,2550460,2555460,2560460,2565460,2570460,2575460,2580460,2585460,2590460,2595460,2600460,2605460,2610460,2615460,2620460,2625460,2630460,2635460,2640460,2645460,2650460,2655460,2660460,2665460,2670460,2675460,2680460,2685460,2690460,2695460,2700460,2705460,2710460,2715460,2720460,2725460,2730460,2735460,2740460,2745460,2750460,2755460,2760460,2765460,2770460,2775460,2780460,2785460,2790460,2795460,2800460,2805460,2810460,2815460,2820460,2825460,2830460,2835460,2840460,2845460,2850460,2855460,2860460,2865460,2870460,2875460,2880460,2885460,2890460,2895460,2900460,2905460,2910460,2915460,2920460,2925460,2930460,2935460,2940460,2945460,2950460,2955460,2960460,2965460,2970460,2975460,2980460,2985460,2990460,2995460,3000460,3005460,3010460,3015460,3020460,3025460,3030460,3035460,3040460,3045460,3050460,3055460,3060460,3065460,3070460,3075460,3080460,3085460,3090460,3095460,3100460,3105460,3110460,3115460,3120460,3125460,3130460,3135460,3140460,3145460,3150460,3155460,3160460,3165460,3170460,3175460,3180460,3185460,3190460,3195460,3200460,3205460,3210460,3215460,3220460,3225460,3230460,3235460,3240460,3245460,3250460,3255460,3260460,3265460,3270460,3275460,3280460,3285460,3290460,3295460,3300460,3305460,3310460,3315460,3320460,3325460,3330460,3335460,3340460,3345460,3350460,3355460,3360460,3365460,3370460,3375460,3380460,3385460,3390460,3395460,3400460,3405460,3410460,3415460,3420460,3425460,3430460,3435460,3440460,3445460,3450460,3455460,3460460,3465460,3470460,3475460,3480460,3485460,3490460,3495460,3500460,3505460,3510460,3515460,3520460,3525460,3530460,3535460,3540460,3545460,3550460,3555460,3560460,3565460,3570460,3575460,3580460,3585460,3590460,3595460,3600460,3605460,3610460,3615460,3620460,3625460,3630460,3635460,3640460,3645460,3650460,3655460,3660460,3665460,3670460,3675460,3680460,3685460,3690460,3695460,3700460,3705460,3710460,3715460,3720460,3725460,3730460,3735460,3740460,3745460,3750460,3755460,3760460,3765460,3770460,3775460,3780460,3785460,3790460,3795460,3800460,3805460,3810460,3815460,3820460,3825460,3830460,3835460,3840460,3845460,3850460,3855460,3860460,3865460,3870460,3875460,3880460,3885460,3890460,3895460,3900460,3905460,3910460,3915460,3920460,3925460,3930460,3935460,3940460,3945460,3950460,3955460,3960460,3965460,3970460,3975460,3980460,3985460,3990460,3995460,4000460,4005460,4010460,4015460,4020460,4025460,4030460,4035460,4040460,4045460,4050460,4055460,4060460,4065460,4070460,4075460,4080460,4085460,4090460,4095460,4100460,4105460,4110460,4115460,4120460,4125460,4130460,4135460,4140460,4145460,4150460,4155460,4160460,4165460,4170460,4175460,4180460,4185460,4190460,4195460,4200460,4205460,4210460,4215460,4220460,4225460,4230460,4235460,4240460,4245460,4250460,4255460,4260460,4265460,4270460,4275460,4280460,4285460,4290460,4295460,4300460,4305460,4310460,4315460,4320460,4325460,4330460,4335460,4340460,4345460,4350460,4355460,4360460,4365460,4370460,4375460,4380460,4385460,4390460,4395460,4400460,4405460,4410460,4415460,4420460,4425460,4430460,4435460,4440460,4445460,4450460,4455460,4460460,4465460,4470460,4475460,4480460,4485460,4490460,4495460,4500460,4505460,4510460,4515460,4520460,4525460,4530460,4535460,4540460,4545460,4550460,4555460,4560460,4565460,4570460,4575460,4580460,4585460,4590460,4595460,4600460,4605460,4610460,4615460,4620460,4625460,4630460,4635460,4640460,4645460,4650460,4655460,4660460,4665460,4670460,4675460,4680460,4685460,4690460,4695460,4700460,4705460,4710460,4715460,4720460,4725460,4730460,4735460,4740460,4745460,4750460,4755460,4760460,4765460,4770460,4775460,4780460,4785460,4790460,4795460,4800460,4805460,4810460,4815460,4820460,4825460,4830460,4835460,4840460,4845460,4850460,4855460,4860460,4865460,4870460,4875460,4880460,4885460,4890460,4895460,4900460,4905460,4910460,4915460,4920460,4925460,4930460,4935460,4940460,4945460,4950460,4955460,4960460,4965460,4970460,4975460,4980460,4985460,4995460

//Base - 3rd Jobs, Baby 3rds, Expanded Super Novice, and Kagerou/Oboro
//Note: (First 98 values [Level 1 - 98] are dummy values (used Adv Jobs values), because 3rd classes start at level 99.)
999,4054:4055:4056:4057:4058:4059:4060:4061:4062:4063:4064:4065:4066:4067:4068:4069:4070:4071:4072:4073:4074:4075:4076:4077:4078:4079:4080:4081:4082:4083:4084:4085:4086:4087:4096:4097:4098:4099:4100:4101:4102:4103:4104:4105:4106:4107:4108:4109:4110:4111:4112:4190:4191:4211:4212,0,460,5460,10460,15460,20460,25460,30460,35460,40460,45460,50460,55460,60460,65460,70460,75460,80460,85460,90460,95460,100460,105460,110460,115460,120460,125460,130460,135460,140460,145460,150460,155460,160460,165460,170460,175460,180460,185460,190460,195460,200460,205460,210460,215460,220460,225460,230460,235460,240460,245460,250460,255460,260460,265460,270460,275460,280460,285460,290460,295460,300460,305460,310460,315460,320460,325460,330460,335460,340460,345460,350460,355460,360460,365460,370460,375460,380460,385460,390460,395460,400460,405460,410460,415460,420460,425460,430460,435460,440460,445460,450460,455460,460460,465460,470460,475460,480460,485460,490460,495460,500460,505460,510460,515460,520460,525460,530460,535460,540460,545460,550460,555460,560460,565460,570460,575460,580460,585460,590460,595460,600460,605460,610460,615460,620460,625460,630460,635460,640460,645460,650460,655460,660460,665460,670460,675460,680460,685460,690460,695460,700460,705460,710460,715460,720460,725460,730460,735460,740460,745460,750460,755460,760460,765460,770460,775460,780460,785460,790460,795460,800460,805460,810460,815460,820460,825460,830460,835460,840460,845460,850460,855460,860460,865460,870460,875460,880460,885460,890460,895460,900460,905460,910460,915460,920460,925460,930460,935460,940460,945460,950460,955460,960460,965460,970460,975460,980460,985460,990460,995460,1000460,1005460,1010460,1015460,1020460,1025460,1030460,1035460,1040460,1045460,1050460,1055460,1060460,1065460,1070460,1075460,1080460,1085460,1090460,1095460,1100460,1105460,1110460,1115460,1120460,1125460,1130460,1135460,1140460,1145460,1150460,1155460,1160460,1165460,1170460,1175460,1180460,1185460,1190460,1195460,1200460,1205460,1210460,1215460,1220460,1225460,1230460,1235460,1240460,1245460,1250460,1255460,1260460,1265460,1270460,1275460,1280460,1285460,1290460,1295460,1300460,1305460,1310460,1315460,1320460,1325460,1330460,1335460,1340460,1345460,1350460,1355460,1360460,1365460,1370460,1375460,1380460,1385460,1390460,1395460,1400460,1405460,1410460,1415460,1420460,1425460,1430460,1435460,1440460,1445460,1450460,1455460,1460460,1465460,1470460,1475460,1480460,1485460,1490460,1495460,1500460,1505460,1510460,1515460,1520460,1525460,1530460,1535460,1540460,1545460,1550460,1555460,1560460,1565460,1570460,1575460,1580460,1585460,1590460,1595460,1600460,1605460,1610460,1615460,1620460,1625460,1630460,1635460,1640460,1645460,1650460,1655460,1660460,1665460,1670460,1675460,1680460,1685460,1690460,1695460,1700460,1705460,1710460,1715460,1720460,1725460,1730460,1735460,1740460,1745460,1750460,1755460,1760460,1765460,1770460,1775460,1780460,1785460,1790460,1795460,1800460,1805460,1810460,1815460,1820460,1825460,1830460,1835460,1840460,1845460,1850460,1855460,1860460,1865460,1870460,1875460,1880460,1885460,1890460,1895460,1900460,1905460,1910460,1915460,1920460,1925460,1930460,1935460,1940460,1945460,1950460,1955460,1960460,1965460,1970460,1975460,1980460,1985460,1990460,1995460,2000460,2005460,2010460,2015460,2020460,2025460,2030460,2035460,2040460,2045460,2050460,2055460,2060460,2065460,2070460,2075460,2080460,2085460,2090460,2095460,2100460,2105460,2110460,2115460,2120460,2125460,2130460,2135460,2140460,2145460,2150460,2155460,2160460,2165460,2170460,2175460,2180460,2185460,2190460,2195460,2200460,2205460,2210460,2215460,2220460,2225460,2230460,2235460,2240460,2245460,2250460,2255460,2260460,2265460,2270460,2275460,2280460,2285460,2290460,2295460,2300460,2305460,2310460,2315460,2320460,2325460,2330460,2335460,2340460,2345460,2350460,2355460,2360460,2365460,2370460,2375460,2380460,2385460,2390460,2395460,2400460,2405460,2410460,2415460,2420460,2425460,2430460,2435460,2440460,2445460,2450460,2455460,2460460,2465460,2470460,2475460,2480460,2485460,2490460,2495460,2500460,2505460,2510460,2515460,2520460,2525460,2530460,2535460,2540460,2545460,2550460,2555460,2560460,2565460,2570460,2575460,2580460,2585460,2590460,2595460,2600460,2605460,2610460,2615460,2620460,2625460,2630460,2635460,2640460,2645460,2650460,2655460,2660460,2665460,2670460,2675460,2680460,2685460,2690460,2695460,2700460,2705460,2710460,2715460,2720460,2725460,2730460,2735460,2740460,2745460,2750460,2755460,2760460,2765460,2770460,2775460,2780460,2785460,2790460,2795460,2800460,2805460,2810460,2815460,2820460,2825460,2830460,2835460,2840460,2845460,2850460,2855460,2860460,2865460,2870460,2875460,2880460,2885460,2890460,2895460,2900460,2905460,2910460,2915460,2920460,2925460,2930460,2935460,2940460,2945460,2950460,2955460,2960460,2965460,2970460,2975460,2980460,2985460,2990460,2995460,3000460,3005460,3010460,3015460,3020460,3025460,3030460,3035460,3040460,3045460,3050460,3055460,3060460,3065460,3070460,3075460,3080460,3085460,3090460,3095460,3100460,3105460,3110460,3115460,3120460,3125460,3130460,3135460,3140460,3145460,3150460,3155460,3160460,3165460,3170460,3175460,3180460,3185460,3190460,3195460,3200460,3205460,3210460,3215460,3220460,3225460,3230460,3235460,3240460,3245460,3250460,3255460,3260460,3265460,3270460,3275460,3280460,3285460,3290460,3295460,3300460,3305460,3310460,3315460,3320460,3325460,3330460,3335460,3340460,3345460,3350460,3355460,3360460,3365460,3370460,3375460,3380460,3385460,3390460,3395460,3400460,3405460,3410460,3415460,3420460,3425460,3430460,3435460,3440460,3445460,3450460,3455460,3460460,3465460,3470460,3475460,3480460,3485460,3490460,3495460,3500460,3505460,3510460,3515460,3520460,3525460,3530460,3535460,3540460,3545460,3550460,3555460,3560460,3565460,3570460,3575460,3580460,3585460,3590460,3595460,3600460,3605460,3610460,3615460,3620460,3625460,3630460,3635460,3640460,3645460,3650460,3655460,3660460,3665460,3670460,3675460,3680460,3685460,3690460,3695460,3700460,3705460,3710460,3715460,3720460,3725460,3730460,3735460,3740460,3745460,3750460,3755460,3760460,3765460,3770460,3775460,3780460,3785460,3790460,3795460,3800460,3805460,3810460,3815460,3820460,3825460,3830460,3835460,3840460,3845460,3850460,3855460,3860460,3865460,3870460,3875460,3880460,3885460,3890460,3895460,3900460,3905460,3910460,3915460,3920460,3925460,3930460,3935460,3940460,3945460,3950460,3955460,3960460,3965460,3970460,3975460,3980460,3985460,3990460,3995460,4000460,4005460,4010460,4015460,4020460,4025460,4030460,4035460,4040460,4045460,4050460,4055460,4060460,4065460,4070460,4075460,4080460,4085460,4090460,4095460,4100460,4105460,4110460,4115460,4120460,4125460,4130460,4135460,4140460,4145460,4150460,4155460,4160460,4165460,4170460,4175460,4180460,4185460,4190460,4195460,4200460,4205460,4210460,4215460,4220460,4225460,4230460,4235460,4240460,4245460,4250460,4255460,4260460,4265460,4270460,4275460,4280460,4285460,4290460,4295460,4300460,4305460,4310460,4315460,4320460,4325460,4330460,4335460,4340460,4345460,4350460,4355460,4360460,4365460,4370460,4375460,4380460,4385460,4390460,4395460,4400460,4405460,4410460,4415460,4420460,4425460,4430460,4435460,4440460,4445460,4450460,4455460,4460460,4465460,4470460,4475460,4480460,4485460,4490460,4495460,4500460,4505460,4510460,4515460,4520460,4525460,4530460,4535460,4540460,4545460,4550460,4555460,4560460,4565460,4570460,4575460,4580460,4585460,4590460,4595460,4600460,4605460,4610460,4615460,4620460,4625460,4630460,4635460,4640460,4645460,4650460,4655460,4660460,4665460,4670460,4675460,4680460,4685460,4690460,4695460,4700460,4705460,4710460,4715460,4720460,4725460,4730460,4735460,4740460,4745460,4750460,4755460,4760460,4765460,4770460,4775460,4780460,4785460,4790460,4795460,4800460,4805460,4810460,4815460,4820460,4825460,4830460,4835460,4840460,4845460,4850460,4855460,4860460,4865460,4870460,4875460,4880460,4885460,4890460,4895460,4900460,4905460,4910460,4915460,4920460,4925460,4930460,4935460,4940460,4945460,4950460,4955460,4960460,4965460,4970460,4975460,4980460,4985460,4995460

//Job - Novice & Baby Novice
10,0:4023,1,4,10,18,28,40,91,151,205,268,340

//Job - 1st Classes & Baby 1st Classes
50,1:2:3:4:5:6:4024:4025:4026:4027:4028:4029:4046:4050,1,30,60,130,260,460,780,1060,1300,1560,1910,2290,2680,2990,3340,3740,4360,4970,5530,6120,6700,8090,8920,9970,11080,12690,14440,15850,17400,19220,21060,22870,24910,26840,29080,31320,33300,37110,40500,43570,46180,53510,57200,60310,65690,70090,72130,77540,83320,90120,97180,99123,101105,103127,105189,107292,109437,111625,113857,116134,118456,120825,123241,125705,128219,130783,133398,136065,138786,141561,144392,147279,150224,153228,156292,159417,162605,165857,169174,172557,176008,179528,183118,186780,190515,194325,198211,202175,206218,210342,214548,218838,223214,227678,232231,236875,241612,246444,251372,256399,261526,266756,272091,277532,283082,288743,294517,300407,306415,312543,318793,325168,331671,338304,345070,351971,359010,366190,373513,380983,388602,396374,404301,412387,420634,429046,437626,446378,455305,464411,473699,483172,492835,502691,512744,522998,533457,544126,555008,566108,577430,588978,600757,612772,625027,637527,650277,663282,676547,690077,703878,717955,732314,746960,761899,777136,792678,808531,824701,841195,858018,875178,892681,910534,928744,947318,966264,985589,1005300,1025405,1045913,1066831,1088167,1109930,1132128,1154770,1177865,1201422,1225450,1249958,1274957,1300456,1326465,1352994,1380053,1407654,1435807,1464523,1493813,1523689,1554162,1585245,1616949,1649287,1682272,1715917,1750235,1785239,1820943,1857361,1894508,1932398,1971045,2010465,2050674,2091687,2133520,2176190,2219713,2264107,2309389,2355576,2402687,2450740,2499754,2549749,2600743,2652757,2705812,2759928,2815126,2871428,2928856,2987433,3047181,3108124,3170286,3233691,3298364,3364331,3431617,3500249,3570253,3641657,3714490,3788779,3864554,3941845,4020681,4101094,4183115,4266777,4352112,4439154,4527936,4618494,4710863,4805080,4901181,4999204,5099187,5201170,5305193,5411296,5519521,5629911

//Job - 2nd Classes & Baby 2nd Classes
50,7:8:9:10:11:12:13:14:15:16:17:18:19:20:21:4030:4031:4032:4033:4034:4035:4036:4037:4038:4039:4040:4041:4042:4043:4044:4051:4052,1,1600,2500,4200,7000,10300,15900,18900,20900,22600,24900,28800,31500,32000,33300,35100,40500,44100,46300,48500,50700,56000,59400,63500,68100,75000,85700,90500,96600,102600,108600,119700,126000,132300,138600,146100,157500,170600,180400,190300,196800,214900,225200,232000,245700,255900,279300,294000,308700,327000,345400,355761,366433,377425,388747,400409,412421,424793,437536,450662,464181,478106,492449,507222,522438,538111,554254,570881,588007,605647,623816,642530,661805,681659,702108,723171,744866,767211,790227,813933,838350,863500,889404,916086,943568,971875,1001031,1031061,1061992,1093851,1126666,1160465,1195278,1231136,1268070,1306112,1345295,1385653,1427222,1470038,1514139,1559563,1606349,1654539,1704175,1755300,1807958,1862196,1918061,1975602,2034870,2095916,2158793,2223556,2290262,2358969,2429738,2502630,2577708,2655039,2734690,2816730,2901231,2988267,3077914,3170251,3265358,3363318,3464217,3568143,3675187,3785442,3899005,4015975,4136454,4260547,4388363,4520013,4655613,4795281,4939139,5087313,5239932,5397129,5559042,5725813,5897587,6074514,6256749,6444451,6637784,6836917,7042024,7253284,7470882,7695008,7925858,8163633,8408541,8660796,8920619,9188237,9463883,9747799,10040232,10341438,10651680,10758196,10865777,10974434,11084178,11195019,11306969,11420038,11534238,11649580,11766075,11883735,12002572,12122597,12243822,12366260,12489922,12614821,12740969,12868378,12997061,13127031,13258301,13390883,13524791,13660038,13796638,13934604,14073949,14214688,14356834,14500402,14645405,14791858,14939776,15089173,15240064,15392464,15546388,15701851,15858869,16017457,16177631,16339407,16502800,16667827,16834505,17002848,17172876,17344604,17518049,17693228,17870160,18048861,18229348,18411641,18595756,18781713,18969528,19159223,19350816,19544323,19739767,19937165,20136535,20337901,20541278,20746690,20954156,21163697,21375332,21589085,21804974,22023023,22243254,22465686,22690342,22917245,23146416,23377879,23611658,23847774,24086251,24327114,24570384,24816087,25064248,25314890,25568038,25823718

//Job - Novice High
10,4001,1,4,11,20,31,44,100,166,226,295,374

//Job - Adv First Classes
50,4002:4003:4004:4005:4006:4007,1,150,340,550,760,990,1250,1600,1980,2340,2740,3140,3950,4510,5210,5950,7000,8150,9130,10220,11480,12780,14090,15560,16980,18620,20280,21780,24510,27000,29000,31000,36000,39000,41000,45000,49000,51900,55000,59450,64630,70030,74940,79800,84630,89610,95170,100420,107250,112070,118120,120482,122891,125348,127854,130411,133019,135679,138392,141159,143982,146861,149798,152793,155848,158964,162143,165385,168692,172065,175506,179016,182596,186247,189971,193770,197645,201597,205628,209740,213934,218212,222576,227027,231567,236198,240921,245739,250653,255666,260779,265994,271313,276739,282273,287918,293676,299549,305539,311649,317881,324238,330722,337336,344082,350963,357982,365141,372443,379891,387488,395237,403141,411203,419427,427815,436371,445098,453999,463078,472339,481785,491420,501248,511272,521497,531926,542564,553415,564483,575772,587287,599032,611012,623232,635696,648409,661377,674604,688096,701857,715894,730211,744815,759711,774905,790403,806211,822335,838781,855556,872667,890120,907922,926080,944601,963493,982762,1002417,1022465,1042914,1063772,1085047,1106747,1128881,1151458,1174487,1197976,1221935,1246373,1271300,1296725,1322659,1349112,1376094,1403615,1431687,1460320,1489526,1519316,1549702,1580696,1612309,1644555,1677446,1710994,1745213,1780117,1815719,1852033,1889073,1926854,1965391,2004698,2044791,2085686,2127399,2169946,2213344,2257610,2302762,2348817,2395793,2443708,2492582,2542433,2593281,2645146,2698048,2752008,2807048,2863188,2920451,2978859,3038436,3099204,3161188,3224411,3288899,3354676,3421769,3490204,3560008,3631208,3703832,3777908,3853466,3930535,4009145,4089327,4171113,4254535,4339625,4426417,4514945,4605243,4697347,4791293,4887118,4984860,5084557,5186248,5289972,5395771,5503686,5613759,5726034,5840554,5957364,6076511,6198041,6322001,6448440,6577408,6708956,6843134

//Job - Adv Second Classes
120,4008:4009:4010:4011:4012:4013:4014:4015:4016:4017:4018:4019:4020:4021:4022,1,1501,3001,4501,6001,7501,9001,10501,12001,13501,15001,16501,18001,19501,21001,22501,24001,25501,27001,28501,30001,31501,33001,34501,36001,37501,39001,40501,42001,43501,45001,46501,48001,49501,51001,52501,54001,55501,57001,58501,60001,61501,63001,64501,66001,67501,69001,70501,72001,73501,75001,76501,78001,79501,81001,82501,84001,85501,87001,88501,90001,91501,93001,94501,96001,97501,99001,100501,102001,103501,105001,106501,108001,109501,111001,112501,114001,115501,117001,118501,120001,121501,123001,124501,126001,127501,129001,130501,132001,133501,135001,136501,138001,139501,141001,142501,144001,145501,147001,148501,150001,151501,153001,154501,156001,157501,159001,160501,162001,163501,165001,166501,168001,169501,171001,172501,174001,175501,177001,178501,180001,181501,183001,184501,186001,187501,189001,190501,192001,193501,195001,196501,198001,199501,201001,202501,204001,205501,207001,208501,210001,211501,213001,214501,216001,217501,219001,220501,222001,223501,225001,226501,228001,229501,231001,232501,234001,235501,237001,238501,240001,241501,243001,244501,246001,247501,249001,250501,252001,253501,255001,256501,258001,259501,261001,262501,264001,265501,267001,268501,270001,271501,273001,274501,276001,277501,279001,280501,282001,283501,285001,286501,288001,289501,291001,292501,294001,295501,297001,298501,300001,301501,303001,304501,306001,307501,309001,310501,312001,313501,315001,316501,318001,319501,321001,322501,324001,325501,327001,328501,330001,331501,333001,334501,336001,337501,339001,340501,342001,343501,345001,346501,348001,349501,351001,352501,354001,355501,357001,358501,360001,361501,363001,364501,366001,367501,369001,370501,372001,373501,375001,376501,378001,379501,381001,382501
//Job - 3rd Jobs, Baby 3rds, Expanded Super Novice, and Kagerou/Oboro
120,4054:4055:4056:4057:4058:4059:4060:4061:4062:4063:4064:4065:4066:4067:4068:4069:4070:4071:4072:4073:4074:4075:4076:4077:4078:4079:4080:4081:4082:4083:4084:4085:4086:4087:4096:4097:4098:4099:4100:4101:4102:4103:4104:4105:4106:4107:4108:4109:4110:4111:4112:4190:4191:4211:4212,1,106000,112000,355000,615000,917000,1253000,1595000,2007000,2430000,2868000,3420000,3863000,4504000,4998000,5769000,6321000,7254000,7870000,9015000,9530000,11072000,11848000,13467000,14337000,16243000,17216000,19446000,20781000,23070000,24453000,27568000,29118000,31820000,34125000,37048000,40204000,42972000,45937000,49110000,52696000,57158000,61305000,67167000,72285000,77647000,83624000,91113000,98548000,107630000,119077000,120267768,121470444,122685151,123912002,125151118,126402630,127666657,128943321,130232751,131535078,132850429,134178935,135520724,136875925,138244677,139627117,141023389,142433624,143857966,145296546,146749508,148216997,149699160,151196158,152708120,154235207,155777550,157335326,158908679,160497757,162102736,163723761,165360996,167014600,168684736,170371581,172075298,173796047,175534006,177289338,179062235,180852860,182661390,184488004,186332878,188196207,190078168,191978955,193898747,195837737,197796119,199774071,201771802,203789524,205827413,207885680,209964534,212064171,214184815,216326662,218489920,220674817,222881562,225110381,227361485,229635100,231931452,234250768,236593273,238959210,241348805,243762285,246199908,248661900,251148520,253659994,256196597,258758555,261346143,263959602,266599193,269265189,271957833,274677399,277424179,280198431,283000413,285830417,288688733,291575620,294491369,297436270,300410615,303414727,306448864,309513349,312608474,315734561,318891902,322080819,325301637,328554645,331840199,335158590,338510174,341895274,345314213,348767346,352255030,355777587,359335372,362928710,366557987,370223560,373925783,377665046,381441702,385256109,389108653,392999722,396929705,400898989,404907961,408957043,413046622,417177086,421348854,425562348,429817955,434116127,438457285,442841848,447270270,451742970,456260401,460823015,465431233,470085539,474786386,479534259,484329610,489172891,494064620,499005249,503995295,509035244,514125579,519266818,524459479,529704077,535001099,540351093,545754609,551212165,556724276,562291525,567914429,573593570,579329530,585122825,590974038,596883750,602852608,608881128,614969957,621119677,627330870,633604182,639940195,646339620,652803038,659331031,665924311,672583524,679309381,686102463,692963482,699893083,706891979,713960880,721100498,728311477,735594595,742950563,750380090,757883889,765462735,773117339,780848477,788656925,796543457,804508915,812554009,820679516,828886275,837175126,845546847,854002276,862542318,871167751,879879413,888678209,897564981,906540633,915606005

//Job - Ninja/Gunslinger
120,24:25,1,100,200,300,400,600,700,1000,1200,1400,1700,1900,2400,2700,3200,3600,4200,4900,5500,6100,6900,7700,8400,9300,10100,11100,12100,13000,14600,16100,17500,18600,21500,23300,24700,27000,29000,30000,32400,35000,38100,41100,44000,46700,49600,52500,55600,58900,62700,65500,69200,72300,81200,84100,89300,95500,100900,107800,114900,120700,128600,150500,176900,196100,219600,234200,247900,266400,281300,296600,308000,311079,314189,317330,320503,323708,326945,330214,333516,336851,340219,343621,347057,350527,354032,357572,361147,364758,368405,372089,375809,379567,383362,387195,391066,394976,398925,402914,406943,411012,415122,419273,423465,427699,431975,436294,440656,445062,449512,454007,458547,463132,467763,472440,477164,481935,486754,491621,496537,501502,506517,511582,516697,521863,527081,532351,537674,543050,548480,553964,559503,565098,570748,576455,582219,588041,593921,599860,605858,611916,618035,624215,630457,636761,643128,649559,656054,662614,669240,675932,682691,689517,696412,703376,710409,717513,724688,731934,739253,746645,754111,761652,769268,776960,784729,792576,800501,808506,816591,824756,833003,841333,849746,858243,866825,875493,884247,893089,902019,911039,920149,929350,938643,948029,957509,967084,976754,996289,1016214,1036538,1057268,1078413,1099981,1121980,1144419,1167307,1190653,1214466,1238755,1263530,1288800,1314575,1340866,1367683,1395036,1422936,1451394,1480421,1510029,1540229,1571033,1602453,1634502,1667192,1700535,1734545,1769235,1804619,1840711,1877525,1915075,1953376,1992443,2032291,2072936,2114394,2156681,2199814,2243810,2288686,2334459,2381148,2428770,2477345,2526891,2577428,2628976,2681555,2735186,2789889,2845686,2902599,2960650,3019862,3080259,3141864,3204701,3268794,3334169,3400852,3468868,3538245,3609009,3681189,3754812,3829908

//Job - Taekwon (Same EXP table as 1st Classes & Baby 1st Classes)
50,4046,1,60,130,260,460,780,1060,1300,1560,1910,2290,2680,2990,3340,3740,4360,4970,5530,6120,6700,8090,8920,9970,11080,12690,14440,15850,17400,19220,21060,22870,24910,26840,29080,31320,33300,37110,40500,43570,46180,53510,57200,60310,65690,70090,72130,77540,83320,90120,97180,99123,101105,103127,105189,107292,109437,111625,113857,116134,118456,120825,123241,125705,128219,130783,133398,136065,138786,141561,144392,147279,150224,153228,156292,159417,162605,165857,169174,172557,176008,179528,183118,186780,190515,194325,198211,202175,206218,210342,214548,218838,223214,227678,232231,236875,241612,246444,251372,256399,261526,266756,272091,277532,283082,288743,294517,300407,306415,312543,318793,325168,331671,338304,345070,351971,359010,366190,373513,380983,388602,396374,404301,412387,420634,429046,437626,446378,455305,464411,473699,483172,492835,502691,512744,522998,533457,544126,555008,566108,577430,588978,600757,612772,625027,637527,650277,663282,676547,690077,703878,717955,732314,746960,761899,777136,792678,808531,824701,841195,858018,875178,892681,910534,928744,947318,966264,985589,1005300,1025405,1045913,1066831,1088167,1109930,1132128,1154770,1177865,1201422,1225450,1249958,1274957,1300456,1326465,1352994,1380053,1407654,1435807,1464523,1493813,1523689,1554162,1585245,1616949,1649287,1682272,1715917,1750235,1785239,1820943,1857361,1894508,1932398,1971045,2010465,2050674,2091687,2133520,2176190,2219713,2264107,2309389,2355576,2402687,2450740,2499754,2549749,2600743,2652757,2705812,2759928,2815126,2871428,2928856,2987433,3047181,3108124,3170286,3233691,3298364,3364331,3431617,3500249,3570253,3641657,3714490,3788779,3864554,3941845,4020681,4101094,4183115,4266777,4352112,4439154,4527936,4618494,4710863,4805080,4901181,4999204,5099187,5201170,5305193,5411296,5519521,5629911

//Job - Star Gladiator (Still pre-renewal values -> Needs info)
120,4047:4048,1,27434,27434,27434,27434,27434,27434,27434,27434,27434,27434,27434,27434,27434,27434,27434,27434,27434,27434,54868,70216,77154,84412,105416,133924,165376,179008,193338,235642,289842,348402,373354,399168,477234,572732,674294,716870,760752,895370,1053978,1220492,1289472,1587070,1843620,2213516,2521910,2974608,3115314,3981264,5166772,5218439,5270623,5323329,5376562,5430327,5484630,5539476,5594870,5650818,5707326,5764399,5822042,5880262,5939064,5998454,6058438,6119022,6180212,6242014,6304434,6367478,6431152,6495463,6560417,6626021,6692281,6759203,6826794,6895061,6964011,7033651,7103987,7175026,7246776,7319243,7392435,7466359,7541022,7616432,7692596,7769521,7847216,7925688,8004944,8084993,8165842,8247500,8329974,8413273,8497405,8582378,8668201,8754882,8842430,8930854,9020162,9110363,9201466,9293480,9386414,9480278,9575080,9670830,9767538,9865213,9963865,10063503,10164137,10265778,10368435,10472119,10576840,10682608,10789433,10897327,11006300,11116362,11227525,11339800,11453197,11567728,11683405,11800238,11918240,12037422,12157796,12279373,12402166,12526187,12651448,12777962,12905741,13034798,13165145,13296796,13429763,13564060,13699700,13836696,13975062,14114812,14255959,14398518,14542503,14687927,14834806,14983153,15132984,15284313,15437155,15591526,15747441,15904915,16063963,16224602,16386847,16550715,16716221,16883383,17052217,17222737,17394963,17568913,17744600,17922045,18101264,18282276,18465098,18649748,18836245,19024606,19214851,19407000,19601069,19797078,19995048,20194998,20396947,20600917,20806924,21014993,21225141,21437391,21651765,21868281,22086962,22307831,22530910,22756218,22983779,23213617,23445751,23680209,23917009,24156177,24397737,24641713,24888128,25137009,25388377,25642259,25898682,26157668,26419244,26683436,26950270,27219772,27491969,27766887,28044556,28325001,28608249,28894330,29183273,29475104,29769854,30067552,30368227,30671909,30978626,31288411,31601295,31917308,32236480,32558844,32884432,33213276,33545408,33880861,34219668,34561864,34907482,35256554,35609117,35965206,36324859,36688108,37054988,37425537,37799791,38177789,38559565,38945159,39334611,39727957

//Job - Soul Linker (Same EXP table as 2nd Classes & Baby 2nd Classes)
120,4049,1,2500,4200,7000,10300,15900,18900,20900,22600,24900,28800,31500,32000,33300,35100,40500,44100,46300,48500,50700,56000,59400,63500,68100,75000,85700,90500,96600,102600,108600,119700,126000,132300,138600,146100,157500,170600,180400,190300,196800,214900,225200,232000,245700,255900,279300,294000,308700,327000,345400,355761,366433,377425,388747,400409,412421,424793,437536,450662,464181,478106,492449,507222,522438,538111,554254,570881,588007,605647,623816,642530,661805,681659,702108,723171,744866,767211,790227,813933,838350,863500,889404,916086,943568,971875,1001031,1031061,1061992,1093851,1126666,1160465,1195278,1231136,1268070,1306112,1345295,1385653,1427222,1470038,1514139,1559563,1606349,1654539,1704175,1755300,1807958,1862196,1918061,1975602,2034870,2095916,2158793,2223556,2290262,2358969,2429738,2502630,2577708,2655039,2734690,2816730,2901231,2988267,3077914,3170251,3265358,3363318,3464217,3568143,3675187,3785442,3899005,4015975,4136454,4260547,4388363,4520013,4655613,4795281,4939139,5087313,5239932,5397129,5559042,5725813,5897587,6074514,6256749,6444451,6637784,6836917,7042024,7253284,7470882,7695008,7925858,8163633,8408541,8660796,8920619,9188237,9463883,9747799,10040232,10341438,10651680,10758196,10865777,10974434,11084178,11195019,11306969,11420038,11534238,11649580,11766075,11883735,12002572,12122597,12243822,12366260,12489922,12614821,12740969,12868378,12997061,13127031,13258301,13390883,13524791,13660038,13796638,13934604,14073949,14214688,14356834,14500402,14645405,14791858,14939776,15089173,15240064,15392464,15546388,15701851,15858869,16017457,16177631,16339407,16502800,16667827,16834505,17002848,17172876,17344604,17518049,17693228,17870160,18048861,18229348,18411641,18595756,18781713,18969528,19159223,19350816,19544323,19739767,19937165,20136535,20337901,20541278,20746690,20954156,21163697,21375332,21589085,21804974,22023023,22243254,22465686,22690342,22917245,23146416,23377879,23611658,23847774,24086251,24327114,24570384,24816087,25064248,25314890,25568038,25823718

//Job - Super Novice & Baby Super Novice (Still pre-renewal values -> Needs info)
120,23:4045,1,30,43,58,76,116,180,220,272,336,520,604,699,802,948,1125,1668,1937,2226,3040,3988,5564,6272,7021,9114,11473,15290,16891,18570,23229,28359,36478,39716,43088,52417,62495,78160,84175,90404,107611,125915,153941,191781,204351,248352,286212,386371,409795,482092,509596,982092,992092,1002092,1012092,1022092,1032092,1042092,1052092,1062092,1072092,1082092,1092092,1102092,1112092,1122092,1132092,1142092,1152092,1162092,1172092,1182092,1192092,1202092,1212092,1222092,1232092,1242092,1252092,1262092,1272092,1282092,1292092,1302092,1312092,1322092,1332092,1342092,1352092,1362092,1372092,1382092,1392092,1402092,1412092,1422092,1432092,1442092,1452092,1462092,1491333,1521159,1551582,1582613,1614265,1646550,1679480,1713069,1747330,1782276,1817921,1854279,1891364,1929191,1967774,2007129,2047271,2088216,2129980,2172579,2216030,2260350,2305556,2351667,2398700,2446673,2495606,2545518,2596428,2648356,2701323,2755349,2810455,2866664,2923997,2982476,3042125,3102967,3165026,3228326,3292892,3358749,3425923,3494441,3564329,3635615,3708327,3782493,3858142,3935304,4014010,4094290,4176175,4259698,4344891,4431788,4520423,4610831,4703047,4797107,4893049,4990909,5090727,5192541,5296391,5402318,5510364,5620571,5732982,5847641,5964593,6083884,6205561,6329672,6456265,6585390,6717097,6851438,6988466,7128235,7270799,7416214,7564538,7715828,7870144,8027546,8188096,8351857,8518893,8689270,8863055,9040315,9221121,9405543,9593653,9785525,9981235,10180859,10384475,10592164,10804007,11020086,11240487,11465296,11694601,11928492,12167061,12410401,12658608,12911779,13170014,13433414,13702082,13976123,14255645,14540757,14831571,15128202,15430765,15739380,16054167,16375250,16702754,17036808,17377543,17725094,18079595,18441187,18810011,19186211,19569935,19961334,20360560,20767770,21183125,21606786,22038921,22479697,22929289,23387873,23855628,24332740,24819394,25315781,25822095,26338537,26865306,27402611,27950663,28509676,29079868,29661464,30254692,30859785,31476979,32106518
